1 1240.79825 -2.638071784641589e-05
2 1257.3965 -5.763022859515441e-08
3 1274.148375 -1.4047108305479437e-05
4 1290.90025 -3.081083467484896e-05
5 1307.652125 -0.001781321491444727
6 1324.404 -0.009125786792542383
7 1341.155875 -0.016244151994579435
8 1357.90775 -0.02005795111888519
9 1374.867 -0.020911618670681073
10 1391.65125 -0.020201427598072804
11 1408.491977 -0.02029738107290791
12 1425.332705 -0.00826538569437105
13 1442.173432 -0.0029818125957382377
14 1459.014159 -0.0012075321181418209
15 1475.854886 -0.0015866466952863029
16 1492.695614 -0.0004019267370059235
17 1509.536341 -0.00018428495263991324
18 1526.377068 -6.655864034456055e-05
19 1543.217795 -3.0429071688132437e-05
20 1560.058523 -2.6627965158842382e-05
21 1576.89925 -1.3467524921427599e-05
22 1593.714 -7.964926683275996e-05
23 1610.39 -0.0019073307464126076
24 1627.1325 -0.029142173362998076
25 1644.011281 -0.12288674396837337
26 1660.890063 -0.08780208285889521
27 1677.768844 -0.04571946541745435
28 1694.647625 -0.05851874475557328
29 1711.526406 -0.051140787100322105
30 1728.405188 -0.06600138641466802
31 1745.283969 -0.023518651523488403
32 1762.16275 -0.019989282133637053
33 1778.84525 -0.026142208151714287
34 1795.4305 -0.038542460460981975
35 1812.01575 -0.014900668519874845
36 1828.816917 -0.009601623799151231
37 1845.618083 -0.0049438344052171145
38 1862.41925 -0.002605647533770434
39 1880.13125 -0.000777673100322552
40 1896.11375 -0.0005998375842613572
41 1912.9705 -0.001081423252938575
42 1929.92925 -0.000675783341347148
43 1946.824208 -0.0007500440770957951
44 1963.719167 -0.0004348951499267794
45 1980.614125 -0.0002459443175607176
46 1997.509083 -0.00019877619115913576
47 2014.404042 -0.00011653256400555781
48 2031.299 -4.607593218594586e-05
49 2048.12575 -2.226032989799325e-05
50 2064.897 -1.61557272798502e-05
51 2081.6145 -3.394753392014263e-05
52 2098.45285 -7.026227289462255e-05
53 2115.2912 -0.00046215771836753797
54 2132.12955 -0.0043336597525593
55 2148.9679 -0.02134374315535619
56 2165.80625 -0.046616453757027394
57 2182.6446 -0.03309611169746785
58 2199.48295 -0.3529382156328453
59 2216.3213 -0.08639464035599143
60 2233.15965 -0.24499140016627435
61 2249.998 -0.3713861962587289
62 2266.83635 -0.5145327378653305
63 2283.6747 -0.5913497487924928
64 2300.51305 -0.7501479685152701
65 2317.3514 -0.991119326944598
66 2334.18975 -0.5084334103908061
67 2350.39725 -1.1131741385709473
68 2366.68125 -0.9827472275913821
69 2384.11775 -0.535467707941363
70 2400.80775 -0.37121337984842756
71 2417.49775 -0.13815190770976274
72 2434.18775 -0.10780068592457326
73 2450.87775 -0.05964187452720715
74 2467.56775 -0.025513134303651472
75 2484.3245 -0.01381352526877711
76 2501.08125 -0.012166986581434027
