1 395.8612 5.46653105081043e-135
2 404.4524 3.61930320378346e-133
3 413.0436 5.742675154507108e-132
4 421.6348 1.7706002312347547e-131
5 430.226 -2.2241847464920975e-129
6 438.583801 -5.497124275482132e-128
7 447.098741 -4.069645162407318e-127
8 455.786167 1.053222356824785e-125
9 464.365594 5.369065289473575e-124
10 473.208972 9.222085250201505e-123
11 481.829453 4.0790529570067116e-122
12 490.449933 -3.236237658667212e-120
13 499.070413 -1.066701135862232e-118
14 507.690893 -1.2327807319835616e-117
15 516.311373 7.358925358931294e-117
16 524.931853 8.610364952369619e-115
17 533.552334 1.696886629129527e-113
18 542.024472 8.226748574924878e-113
19 550.581904 -4.917956395850323e-111
20 559.234311 -1.6949993431862008e-109
21 567.886719 -2.1003377357552784e-108
22 576.477238 9.206885873103216e-108
23 585.067758 1.3209175509490933e-105
24 593.658277 2.6178915932711368e-104
25 602.248797 1.7260802661580815e-103
26 610.839317 -6.866635772025381e-102
27 619.429836 -2.7080203649020644e-100
28 628.020356 -3.307401443472477e-99
29 636.610876 1.2133891188967553e-98
30 645.209401 2.0224137136947566e-96
31 653.787764 4.079225113388982e-95
32 662.286899 2.23737224114205e-94
33 670.786035 -1.158927098271946e-92
34 679.387819 -3.887570693934024e-91
35 687.989604 -4.418211724476238e-90
36 696.591389 3.0202525146187265e-89
37 705.193173 3.123052397501945e-87
38 713.794958 5.870966414664553e-86
39 722.396743 3.524562442990442e-85
40 730.998527 -1.6780441646513795e-83
41 739.578525 -6.222510556437296e-82
42 748.158522 -7.322481309530674e-81
43 756.73852 4.012735385541495e-80
44 765.440069 4.76558602236826e-78
45 774.001122 9.656531514530603e-77
46 782.562176 6.307171366466946e-76
47 791.12323 -2.537385821941354e-74
48 799.684284 -9.592476041493136e-73
49 808.245338 -1.0975787103754205e-71
50 816.806392 6.820972221393938e-71
51 825.367446 7.401152804746072e-69
52 833.873589 1.2576038289420527e-67
53 842.475202 5.6794876318865475e-67
54 851.076816 -4.2698945435850725e-65
55 859.67843 -1.3955325754258344e-63
56 868.280043 -1.568442666924389e-62
57 876.881657 1.1569775353311877e-61
58 885.483271 1.1373614963320623e-59
59 894.084884 2.0995053787624225e-58
60 902.686498 1.215083344921708e-57
61 911.288112 -6.169140175040068e-56
62 919.889726 -2.2606965685729536e-54
63 928.491339 -2.6942204149139394e-53
64 937.092953 1.2345688220358661e-52
65 945.711952 1.7365816867097387e-50
66 954.243026 3.3413168451098238e-49
67 962.774099 1.7592849468604887e-48
68 971.305173 -9.938903572761973e-47
69 979.836246 -3.1997198735280554e-45
70 988.367319 -3.1961929323067295e-44
71 996.898393 4.034363515271672e-43
72 1005.8364 2.6554185020027287e-41
73 1014.4276 5.447767310334544e-40
74 1023.0188 3.806428804116384e-39
75 1031.61 -1.349345919037528e-37
76 1040.2012 -5.568117741658043e-36
