0 395.8612 5.46653105081043e-135
1 404.4524 3.61930320378346e-133
2 413.0436 5.742675154507108e-132
3 421.6348 1.7706002312347547e-131
4 430.226 -2.2241847464920975e-129
5 438.583801 -5.497124275482132e-128
6 447.098741 -4.069645162407318e-127
7 455.786167 1.053222356824785e-125
8 464.365594 5.369065289473575e-124
9 473.208972 9.222085250201505e-123
10 481.829453 4.0790529570067116e-122
11 490.449933 -3.236237658667212e-120
12 499.070413 -1.066701135862232e-118
13 507.690893 -1.2327807319835616e-117
14 516.311373 7.358925358931294e-117
15 524.931853 8.610364952369619e-115
16 533.552334 1.696886629129527e-113
17 542.024472 8.226748574924878e-113
18 550.581904 -4.917956395850323e-111
19 559.234311 -1.6949993431862008e-109
20 567.886719 -2.1003377357552784e-108
21 576.477238 9.206885873103216e-108
22 585.067758 1.3209175509490933e-105
23 593.658277 2.6178915932711368e-104
24 602.248797 1.7260802661580815e-103
25 610.839317 -6.866635772025381e-102
26 619.429836 -2.7080203649020644e-100
27 628.020356 -3.307401443472477e-99
28 636.610876 1.2133891188967553e-98
29 645.209401 2.0224137136947566e-96
30 653.787764 4.079225113388982e-95
31 662.286899 2.23737224114205e-94
32 670.786035 -1.158927098271946e-92
33 679.387819 -3.887570693934024e-91
34 687.989604 -4.418211724476238e-90
35 696.591389 3.0202525146187265e-89
36 705.193173 3.123052397501945e-87
37 713.794958 5.870966414664553e-86
38 722.396743 3.524562442990442e-85
39 730.998527 -1.6780441646513795e-83
40 739.578525 -6.222510556437296e-82
41 748.158522 -7.322481309530674e-81
42 756.73852 4.012735385541495e-80
43 765.440069 4.76558602236826e-78
44 774.001122 9.656531514530603e-77
45 782.562176 6.307171366466946e-76
46 791.12323 -2.537385821941354e-74
47 799.684284 -9.592476041493136e-73
48 808.245338 -1.0975787103754205e-71
49 816.806392 6.820972221393938e-71
50 825.367446 7.401152804746072e-69
51 833.873589 1.2576038289420527e-67
52 842.475202 5.6794876318865475e-67
53 851.076816 -4.2698945435850725e-65
54 859.67843 -1.3955325754258344e-63
55 868.280043 -1.568442666924389e-62
56 876.881657 1.1569775353311877e-61
57 885.483271 1.1373614963320623e-59
58 894.084884 2.0995053787624225e-58
59 902.686498 1.215083344921708e-57
60 911.288112 -6.169140175040068e-56
61 919.889726 -2.2606965685729536e-54
62 928.491339 -2.6942204149139394e-53
63 937.092953 1.2345688220358661e-52
64 945.711952 1.7365816867097387e-50
65 954.243026 3.3413168451098238e-49
66 962.774099 1.7592849468604887e-48
67 971.305173 -9.938903572761973e-47
68 979.836246 -3.1997198735280554e-45
69 988.367319 -3.1961929323067295e-44
70 996.898393 4.034363515271672e-43
71 1005.8364 2.6554185020027287e-41
72 1014.4276 5.447767310334544e-40
73 1023.0188 3.806428804116384e-39
74 1031.61 -1.349345919037528e-37
75 1040.2012 -5.568117741658043e-36
0 1005.60375 2.6745382738638005e-41
1 1022.2125 -1.4340279637022155e-39
2 1039.19175 -2.9722450753336997e-36
3 1055.87195 1.2103126342435465e-33
4 1072.55215 -2.128012848964697e-33
5 1089.23235 -1.303404241027081e-28
6 1105.91255 5.490678695025966e-26
7 1122.59275 -5.729809620915407e-25
8 1139.444 -6.4789099485606265e-21
9 1156.41275 2.2966506736898316e-18
10 1173.28985 3.6048686775642647e-16
11 1190.16695 -4.450200855724201e-13
12 1207.04405 7.481394532984284e-11
13 1223.92115 3.6308127951529053e-08
14 1240.79825 -2.638071784641589e-05
15 1257.3965 -5.763022859515441e-08
16 1274.148375 -1.4047108305479437e-05
17 1290.90025 -3.081083467484896e-05
18 1307.652125 -0.001781321491444727
19 1324.404 -0.009125786792542383
20 1341.155875 -0.016244151994579435
21 1357.90775 -0.02005795111888519
22 1374.867 -0.020911618670681073
23 1391.65125 -0.020201427598072804
24 1408.491977 -0.02029738107290791
25 1425.332705 -0.00826538569437105
26 1442.173432 -0.0029818125957382377
27 1459.014159 -0.0012075321181418209
28 1475.854886 -0.0015866466952863029
29 1492.695614 -0.0004019267370059235
30 1509.536341 -0.00018428495263991324
31 1526.377068 -6.655864034456055e-05
32 1543.217795 -3.0429071688132437e-05
33 1560.058523 -2.6627965158842382e-05
34 1576.89925 -1.3467524921427599e-05
35 1593.714 -7.964926683275996e-05
36 1610.39 -0.0019073307464126076
37 1627.1325 -0.029142173362998076
38 1644.011281 -0.12288674396837337
39 1660.890063 -0.08780208285889521
40 1677.768844 -0.04571946541745435
41 1694.647625 -0.05851874475557328
42 1711.526406 -0.051140787100322105
43 1728.405188 -0.06600138641466802
44 1745.283969 -0.023518651523488403
45 1762.16275 -0.019989282133637053
46 1778.84525 -0.026142208151714287
47 1795.4305 -0.038542460460981975
48 1812.01575 -0.014900668519874845
49 1828.816917 -0.009601623799151231
50 1845.618083 -0.0049438344052171145
51 1862.41925 -0.002605647533770434
52 1880.13125 -0.000777673100322552
53 1896.11375 -0.0005998375842613572
54 1912.9705 -0.001081423252938575
55 1929.92925 -0.000675783341347148
56 1946.824208 -0.0007500440770957951
57 1963.719167 -0.0004348951499267794
58 1980.614125 -0.0002459443175607176
59 1997.509083 -0.00019877619115913576
60 2014.404042 -0.00011653256400555781
61 2031.299 -4.607593218594586e-05
62 2048.12575 -2.226032989799325e-05
63 2064.897 -1.61557272798502e-05
64 2081.6145 -3.394753392014263e-05
65 2098.45285 -7.026227289462255e-05
66 2115.2912 -0.00046215771836753797
67 2132.12955 -0.0043336597525593
68 2148.9679 -0.02134374315535619
69 2165.80625 -0.046616453757027394
70 2182.6446 -0.03309611169746785
71 2199.48295 -0.3529382156328453
72 2216.3213 -0.08639464035599143
73 2233.15965 -0.24499140016627435
74 2249.998 -0.3713861962587289
75 2266.83635 -0.5145327378653305
76 2283.6747 -0.5913497487924928
77 2300.51305 -0.7501479685152701
78 2317.3514 -0.991119326944598
79 2334.18975 -0.5084334103908061
80 2350.39725 -1.1131741385709473
81 2366.68125 -0.9827472275913821
82 2384.11775 -0.535467707941363
83 2400.80775 -0.37121337984842756
84 2417.49775 -0.13815190770976274
85 2434.18775 -0.10780068592457326
86 2450.87775 -0.05964187452720715
87 2467.56775 -0.025513134303651472
88 2484.3245 -0.01381352526877711
89 2501.08125 -0.012166986581434027
